222222222200000000000000000022222222222
222222222222222200000000000002222222222
222222222200000000022222222222222222222
222222222222222220000000000002222222222
222222222222222222222222000002222222222
222222222200000000000022000002222222222
222222222200000000000022000002222222222
222222222200222222222222000002222222222
222222222200200000000000000002222222222
222222222200222222222222000002222222222
222222222200000000000000000002222222222
222222222222222222222222000002222222222
222222222222222222222222222222222222222